,data,porto,trend,seasonal,remainder
0,2005-01-01,5027935.933,6137608.362980545,-1148792.2094498784,39119.77946933359
1,2005-02-01,5316604.778,6134245.657048033,-691952.3682609816,-125688.51078705117
2,2005-03-01,5899909.231,6131008.77476543,-262065.1703679471,30965.62660251651
3,2005-04-01,5850636.302,6128020.467938401,-99599.21121867947,-177784.95471972134
4,2005-05-01,6826360.941,6125449.347864171,389566.8818271297,311344.7113086991
5,2005-06-01,6974473.321,6123539.591333496,656308.321450116,194625.40821638796
6,2005-07-01,7071774.523,6122429.983405794,943842.3941944909,5502.14539971482
7,2005-08-01,7068945.089,6122110.885875202,1126749.342964903,-179915.13984010462
8,2005-09-01,6045105.598,6122456.638661436,25315.186687990383,-102666.22734942567
9,2005-10-01,6416202.274,6123243.532937188,181137.3615756522,111821.3794871606
10,2005-11-01,5808338.578,6123958.046589479,-348068.95096627716,32449.482376798056
11,2005-12-01,5373384.718,6123432.725682607,-572039.9791329154,-178008.02854969166
12,2006-01-01,4588414.15,6135973.9098265655,-1200848.4695255668,-346711.29030099884
13,2006-02-01,5321603.904,6154249.370570142,-852696.0528296314,20050.58625948988
14,2006-03-01,5853510.333,6181669.29140848,-196158.74305235804,-132000.2153561227
15,2006-04-01,6450282.908,6221343.513591266,-110006.45862561326,338945.8530343473
16,2006-05-01,6323906.049,6272137.655126874,307578.03914995,-255809.64527682494
17,2006-06-01,6601739.895,6329950.622153253,574526.6040791209,-302737.33123237453
18,2006-07-01,6973166.512,6390413.342706776,850884.6911987416,-268131.52190551814
19,2006-08-01,7882711.329,6450189.730813868,1095942.883004783,336578.71518134885
20,2006-09-01,6755243.067,6507309.557317276,253887.09617335786,-5953.5864906338975
21,2006-10-01,6726027.191,6560401.415514462,275464.18473134626,-109838.40924580861
22,2006-11-01,6164819.983,6608527.350851001,-237996.12255886296,-205711.2452921383
23,2006-12-01,6544093.955,6652596.924832136,-552900.9700471052,444398.0002149688
24,2007-01-01,5875631.026,6693817.947677659,-1272114.0365764624,453927.1148988027
25,2007-02-01,5938947.341,6731342.531513167,-1021215.0608350291,228819.8703218624
26,2007-03-01,6679112.881399,6761444.903973912,-137639.12650308953,55307.10392817762
27,2007-04-01,6557850.892,6781019.2356489515,-106712.14876521108,-116456.1948837405
28,2007-05-01,6813862.985,6790908.270033364,255244.37492451994,-232289.65995788388
29,2007-06-01,7207851.918,6794348.677421306,487133.3149391228,-73630.07436042931
30,2007-07-01,7770899.801,6793200.723622504,728934.0667462085,248765.01063128747
31,2007-08-01,7827563.654,6788361.968149172,1084831.9948441137,-45630.30899328552
32,2007-09-01,7388270.832,6783973.61557487,465169.0656276237,139128.1507975068
33,2007-10-01,7068229.8,6785317.914303776,379047.61466479907,-96135.7289685756
34,2007-11-01,6799633.582,6793720.056538499,-149926.73793499602,155840.26339649782
35,2007-12-01,5784737.073,6807341.368721945,-529407.9530070038,-493196.3427149411
36,2008-01-01,5516411.285,6822980.182557706,-1319398.6972560675,12829.799698362127
37,2008-02-01,5618932.267,6839233.924094704,-1193501.6493986356,-26800.007696068846
38,2008-03-01,6943693.489,6855894.353641437,-75125.52302091758,162924.65837948024
39,2008-04-01,6468283.194,6871737.533439635,-132466.643887865,-270987.6955517698
40,2008-05-01,6996286.387,6885808.550543514,251442.48246908849,-140964.64601260237
41,2008-06-01,7608112.688,6898182.488284622,418836.06656039867,291094.133154979
42,2008-07-01,7953709.126,6910356.412701501,613945.9343300265,429406.77896847297
43,2008-08-01,7620858.951,6922807.576299526,1062878.151424207,-364826.77672373224
44,2008-09-01,7772372.599,6932765.739229964,664175.8678790333,175430.9918910032
45,2008-10-01,7491841.987,6937075.142761825,505467.4241129696,49299.42012520507
46,2008-11-01,7031427.062,6936243.111609644,-66838.02893927612,162021.97932963166
47,2008-12-01,6660337.403,6933439.9560403135,-560229.6401697553,287127.087129442
48,2009-01-01,5154898.352,6930814.267893286,-1427960.0953497065,-347955.82054357976
49,2009-02-01,5261462.067,6931228.40589391,-1419813.2224946567,-249953.11639925372
50,2009-03-01,6694952.828,6938569.744949147,-57790.672968009916,-185826.24398113787
51,2009-04-01,7177976.605,6958362.630766993,-148303.45374337462,367917.42797638196
52,2009-05-01,7386919.807,6994024.803025873,378026.1784495222,14868.82552460488
53,2009-06-01,7201187.108,7043778.081263135,442574.1970220288,-285165.1702851644
54,2009-07-01,6891207.918,7103663.942441104,584969.3346016118,-797425.3590427162
55,2009-08-01,8351298.131,7174789.456825032,1108067.2680989434,68441.40607602429
56,2009-09-01,7795962.077,7255951.908951879,756384.9344439014,-216374.76639578026
57,2009-10-01,7764156.926,7343916.662524614,726780.3374704,-306540.0739950137
58,2009-11-01,7401634.52,7435915.499316258,-166493.4625692707,132212.48325301148
59,2009-12-01,7054265.406,7530894.305305514,-600848.6723058294,124219.77300031576
60,2010-01-01,6317083.473,7630415.7986042565,-1596840.707035918,283508.38143166155
61,2010-02-01,6374270.483,7732467.870571674,-1571166.408642535,212969.02107086126
62,2010-03-01,7915548.029,7831191.162017502,-73530.80522648741,157887.6722089853
63,2010-04-01,7454247.828,7918722.867627178,-46474.58713100399,-418000.4524961747
64,2010-05-01,8988240.752,7988649.50883379,308082.52472028794,691508.7184459213
65,2010-06-01,8377335.393,8040503.148018758,408778.59199910064,-71946.34701785818
66,2010-07-01,8603807.09,8078148.079306469,667308.3009984124,-141649.29030488152
67,2010-08-01,9547550.873,8103634.04264157,1253232.1280251713,190684.70233325846
68,2010-09-01,9114835.795,8123289.455408913,762055.7894246023,229490.5501664849
69,2010-10-01,9588158.742,8143459.694608761,849697.0667316648,595001.9806595743
70,2010-11-01,7700318.196,8164224.913669072,-315790.1494556904,-148116.56821338087
71,2010-12-01,7285441.315,8182516.739529278,-632738.2775270812,-264337.14700219687
72,2011-01-01,6524095.232,8194221.664884036,-1664698.1594957444,-5428.27338829264
73,2011-02-01,6176029.55,8197564.038952556,-1582585.2622143864,-438949.2267381707
74,2011-03-01,7936285.364,8194414.702568388,-29735.241097611022,-228394.09747077618
75,2011-04-01,8502853.415,8189010.812767678,-24552.080780246022,338394.68301256653
76,2011-05-01,7946768.956,8185755.398606866,169950.07036652058,-408936.51297338586
77,2011-06-01,9040789.295,8189478.769951552,260377.6899458786,590932.8351025693
78,2011-07-01,9633477.201,8203393.224405423,854272.936699758,575811.0398948193
79,2011-08-01,9363759.49,8225801.694699823,1430135.8139980277,-292178.0186978504
80,2011-09-01,8926643.146,8251828.806517592,763470.5545677014,-88656.21508529317
81,2011-10-01,8883605.622,8277777.900010593,984284.4660375405,-378456.7440481344
82,2011-11-01,7625494.341,8304631.424345813,-391781.33454529184,-287355.7488005208
83,2011-12-01,7660715.296,8335408.565080016,-714114.2416258106,39420.97254579514
84,2012-01-01,6256258.395,8373419.274726817,-1754466.0563136672,-362694.8234131504
85,2012-02-01,7230301.974,8423358.272586191,-1619130.4130445726,426074.11445838213
86,2012-03-01,8641162.086,8488798.415157143,123813.57257130237,28550.098271554336
87,2012-04-01,8406377.524,8570436.771757703,18598.77947422582,-182658.0272319289
88,2012-05-01,8302650.462,8664619.756359156,-19585.38025348811,-342383.91410566773
89,2012-06-01,8521619.809,8762782.988259472,181596.96203202606,-422760.1412914973
90,2012-07-01,9794708.894,8859342.717860587,998127.4207950943,-62761.244655681774
91,2012-08-01,10648953.52,8953939.948120553,1531625.2745674015,163388.29731204547
92,2012-09-01,9810354.135,9045161.522644887,663028.5011240686,102164.11123104393
93,2012-10-01,10248178.674,9132808.53393332,1009640.4558386652,105729.68422801606
94,2012-11-01,9086061.79,9217753.501417022,-405377.2938252066,273685.5824081842
95,2012-12-01,8742411.623,9299533.524212763,-707982.6662148582,150860.7650020942
96,2013-01-01,8076888.147,9376374.219937477,-1921984.3624628584,622498.2895253804
97,2013-02-01,7624171.813,9442510.99551915,-1522624.7993033505,-295714.3832157999
98,2013-03-01,9574375.467,9491178.194479443,412466.290568056,-329269.01804749854
99,2013-04-01,9779154.525,9519016.291297296,-46808.65579331203,306946.88949601725
100,2013-05-01,9914380.377,9529068.69145545,-105890.67436969222,491202.3599142432
101,2013-06-01,9324899.127,9528536.103753371,44249.57024373534,-247886.5469971057
102,2013-07-01,10473412.936,9520748.265561434,952016.8648706507,647.8055679164827
103,2013-08-01,11372928.993,9507020.382241612,1559230.5791927516,306678.0315656364
104,2013-09-01,10207159.92,9491620.128980214,535404.6458044893,180135.14521529712
105,2013-10-01,10660676.79,9476287.536903791,1031235.3224701958,153153.93062601238
106,2013-11-01,9119618.687,9459700.43339383,-379115.1395071075,39033.39311327785
107,2013-12-01,8505762.646,9438525.813161904,-596045.1034346791,-336718.06372722425
108,2014-01-01,6938878.625,9411392.965138817,-2007304.5071672886,-465209.8329715282
109,2014-02-01,7885192.432,9382660.605348276,-1396391.5754477058,-101076.59790056944
110,2014-03-01,10586902.666,9358795.13398527,638724.056732322,589383.4752824083
111,2014-04-01,9058380.669,9343236.322002886,-137702.29161229264,-147153.36139059253
112,2014-05-01,8870441.942,9336754.084541393,45889.68239272651,-512201.82493411936
113,2014-06-01,9915405.47,9340488.082798965,-61300.16938283296,636217.5565838683
114,2014-07-01,10076024.985,9354368.844693048,893104.1991675443,-171448.05886059254
115,2014-08-01,10733912.514,9375336.808543779,1479819.9657712642,-121244.26031504199
116,2014-09-01,9323915.804,9398863.791084053,500646.0166040064,-575594.0036880597
117,2014-10-01,10321869.347,9423928.754597047,931156.8975989068,-33216.30519595556
118,2014-11-01,8885444.815,9452456.229109826,-521218.6302717472,-45792.78383807838
119,2014-12-01,9052195.665,9489980.68726011,-551948.4032679358,114163.3810078241
120,2015-01-01,7510727.976,9542348.850533724,-2178600.7653283323,146979.89079460874
121,2015-02-01,8541652.451,9610654.196483029,-1159658.8124272947,90657.06694426574
122,2015-03-01,10311284.933,9690933.856227666,816864.3302353339,-196513.25346300006
123,2015-04-01,9419717.093,9777252.539136807,-134773.265431123,-222762.1807056833
124,2015-05-01,10087791.102,9862731.60375535,246088.46642960375,-21028.968184953555
125,2015-06-01,9295702.624,9938395.196357394,36778.622854244546,-679471.1952116378
126,2015-07-01,11152074.745,9998955.175587103,891383.3281437664,261736.24126913026
127,2015-08-01,11370443.438,10044695.527894465,1347597.5903681463,-21849.68026261218
128,2015-09-01,11001399.479,10078317.839427348,533953.775229306,389127.86434334517
129,2015-10-01,11318878.922,10099866.520592574,611190.0475373052,607822.3538701218
130,2015-11-01,9843859.017,10108205.36501381,-742781.0413362551,478434.6933224462
131,2015-12-01,10122834.733,10100490.259293806,-654774.724476353,677119.1981825456
132,2016-01-01,7832663.108,10071899.174068283,-2264744.5744377384,25508.508369455114
133,2016-02-01,9018650.052,10017980.5169826,-926661.8336661228,-72668.63131647743
134,2016-03-01,10905462.334,9940789.231734792,851751.9713395883,112921.13092561997
135,2016-04-01,9757126.162,9849187.381414019,10384.080417914865,-102445.29983193241
136,2016-05-01,10399822.923,9757286.027626777,428256.25623234024,214280.63914088346
137,2016-06-01,9871102.503,9678905.754381841,19577.841966846892,172618.90665131249
138,2016-07-01,10191582.074,9623914.404407367,934865.0061547867,-367197.3365621548
139,2016-08-01,10661362.474,9599924.686725896,1302853.9655131556,-241416.17823905125
140,2016-09-01,9906814.273,9609628.608611919,694766.4795096093,-397580.81512152776
141,2016-10-01,9146081.632,9650827.116638912,261680.44651197369,-766425.9311508872
142,2016-11-01,7850960.899,9719234.686287237,-648976.3044678903,-1219297.4828193467
143,2016-12-01,8464752.406,9811261.972959863,-751245.0090083028,-595264.5579515602
144,2017-01-01,7364630.261,9925467.462503769,-2247254.4988680524,-313582.70263571665
145,2017-02-01,9747015.343,10059880.636869118,-920579.5352467633,607714.2413776461
146,2017-03-01,10865928.307,10209382.066141015,829347.4802576788,-172801.23939869367
147,2017-04-01,10707190.944,10367719.575440558,154801.5728645441,184669.7956948988
148,2017-05-01,11437504.165,10525608.517410714,422635.40571524046,489260.24187404476
149,2017-06-01,11042442.29,10675918.905904638,69134.93973030323,297388.4443650581
150,2017-07-01,12057011.72,10812640.678597717,991634.4791461194,252736.56225616485
151,2017-08-01,12413295.864,10927072.798048744,1279185.5413100577,207037.52464119904
152,2017-09-01,12297431.071,11012291.345823148,697562.2401484521,587577.4850283992
153,2017-10-01,11368331.007,11068082.76730274,37194.00674618678,263054.232951073
154,2017-11-01,10903105.294,11100840.295277977,-442676.99590265105,244941.99462467432
155,2017-12-01,9909907.818,11115665.059263641,-867985.8270831809,-337771.41418045945
156,2018-01-01,9057591.743,11114435.883968616,-2338121.857620161,281277.71665154584
157,2018-02-01,9676300.16,11103345.412386464,-963810.9846030424,-463234.267783422
158,2018-03-01,12281620.341,11092106.883365573,763343.7477182148,426169.70991621166
159,2018-04-01,11746844.037,11087456.246822383,279407.5013327233,379980.2888448946
160,2018-05-01,11051673.002,11089326.06039935,335297.6293300735,-372950.687729422
161,2018-06-01,10851802.24,11092075.99002568,156851.3077567966,-397125.05778247677
162,2018-07-01,11928341.137,11089084.327556867,1138166.798460479,-298909.989017345
163,2018-08-01,12484081.294,11077980.975439787,1234665.746441067,171434.5721191466
164,2018-09-01,11567451.959,11061659.011901565,535088.5774766685,-29295.63037823327
165,2018-10-01,10319292.934,11045754.72610875,164315.93753566858,-890777.7296444178
166,2018-11-01,11662744.208,11034711.630974034,-227676.5932227365,855709.170248704
167,2018-12-01,10863027.052,11035664.410393948,-927698.1050395189,755060.7466455698
168,2019-01-01,8982717.635,11055100.504700623,-2591353.1330989785,518970.2633983549
169,2019-02-01,10069114.067,11091113.584044114,-1149158.4202838873,127158.90323977359
170,2019-03-01,11384397.894,11132339.573812578,940166.956920413,-688108.6367329918
171,2019-04-01,10622634.476,11167618.74441055,563521.2708449021,-1108505.5392554533
172,2019-05-01,10993738.873,11194584.705001986,444366.7540029586,-645212.5860049445
173,2019-06-01,11576772.51,11217138.787291825,216417.12825467213,143216.59445350245
174,2019-07-01,12768822.27,11244832.439683497,1133070.2310735409,390919.59924296103
175,2019-08-01,12087688.721,11285044.396410024,1055050.1586782741,-252405.83408829756
176,2019-09-01,11569511.856,11343201.488546945,188963.0948347635,37347.2726182919
177,2019-10-01,12789030.612,11425381.226685079,44174.47617200526,1319474.9091429152
178,2019-11-01,11029045.475,11528663.36633203,-250325.82669848122,-249292.06463354826
179,2019-12-01,10211205.765,11640854.834073164,-809359.6045317852,-620289.4645413775
180,2020-01-01,8313562.478,11749615.608650625,-2787900.4590912014,-648152.6715594232
181,2020-02-01,10656080.93,11848295.247446498,-1145233.2698998994,-46981.04754659906
182,2020-03-01,12797057.456,11937242.717873767,1347005.2276842466,-487190.48955801316
183,2020-04-01,13489555.903,12019009.349667648,767912.4646539001,702634.0886784531
184,2020-05-01,13059568.675,12096651.605153847,764990.390698676,197926.6791474782
185,2020-06-01,12364431.29,12174408.398236036,439258.84417187923,-249235.952407917
186,2020-07-01,13562668.754,12254967.11589116,1035293.2323916716,272408.405717168
187,2020-08-01,13733211.641,12340224.087255945,778718.1263520177,614269.4273920376
188,2020-09-01,12171505.978,12423899.644649917,-100935.7834537536,-151457.88319616392
189,2020-10-01,12479097.796,12489869.334226456,-88100.60069645848,77329.06247000396
190,2020-11-01,12120258.307,12527733.317053827,-659203.749912883,251728.73985905573
191,2020-12-01,11863642.241,12535616.824442161,-863461.7210540012,191487.13761183992
192,2021-01-01,9191680.717,12514536.327381618,-2911812.2687954977,-411043.3415861204
193,2021-02-01,10927398.721,12471900.351507995,-1126676.4154455927,-417825.2150624022
194,2021-03-01,15165873.917,12422988.934465911,1726259.0338487574,1016625.9486853313
195,2021-04-01,13759728.77,12383921.770677757,853700.3215022793,522106.67781996354
196,2021-05-01,14085516.406,12368493.005060792,1069390.8343661786,647632.5665730294
197,2021-06-01,13266863.457,12381773.690876724,675718.9196364629,209370.84648681246
198,2021-07-01,12627547.475,12418241.505563134,944286.1248393542,-734980.155402489
199,2021-08-01,12065860.794,12467184.695846029,689115.6772048399,-1090439.5790508687
200,2021-09-01,11851880.73,12521721.049159264,-36488.640249625096,-633351.6789096389
201,2021-10-01,10727400.195,12579986.71668977,-197686.28399540647,-1654900.2376943622
202,2021-11-01,11236955.239,12643463.152246784,-816429.358748634,-590078.554498151
203,2021-12-01,12122721.551,12717632.90194353,-804920.6369841698,210009.2860406395
204,2022-01-01,10699910.053,12813580.649159035,-2988176.836510271,874506.2403512355
205,2022-02-01,12899814.468,12932470.279357333,-1313096.5662533408,1280440.7548960075
206,2022-03-01,15158815.643,13062771.157583214,1868048.2933208281,227996.1920959577
207,2022-04-01,13792981.794,13188498.372046132,566751.8753324825,37731.54662138596
208,2022-05-01,14237460.143,13291839.269465182,1148253.2603745048,-202632.38683968782
209,2022-06-01,14144792.951,13363784.565804671,927540.516474506,-146532.13127917796
210,2022-07-01,14583731.972,13405293.881307969,892188.0303423818,286250.0603496488
211,2022-08-01,14626798.274,13425415.606543979,609444.6044027635,591938.0630532578
212,2022-09-01,13628564.38,13437748.513818389,323515.5812130583,-132699.7150314469
213,2022-10-01,14435748.025,13457391.435838655,-284329.4263426838,1262686.0155040286
214,2022-11-01,12194404.39,13495238.462952271,-675517.4653397839,-625316.6076124869
215,2022-12-01,12096273.848,13554914.290018827,-733889.2953464496,-724751.1466723774
216,2023-01-01,10263991.863,13631094.738124223,-3021670.452391038,-345432.4227331858
217,2023-02-01,10984020.633,13722084.174320653,-1377024.501896033,-1361039.0394246206
218,2023-03-01,15335869.556,13831444.852917742,1566182.5712595282,-61757.86817727052
219,2023-04-01,13733552.339,13960674.817203406,127189.86469711931,-354312.3429005258
220,2023-05-01,15147374.291,14110964.270941079,1089653.9793392892,-53243.95928036794
221,2023-06-01,15606571.987,14277974.04923524,961869.588603058,366728.3491617013
222,2023-07-01,15350866.748,14452530.72382586,1166179.722378712,-267843.69820457324
223,2023-08-01,15159596.353,14623415.21792058,726355.8968258122,-190174.76174639352
224,2023-09-01,16212693.747,14781769.740380723,648253.9465149497,782670.0601043273
225,2023-10-01,14355541.073,14917047.48772036,139199.79286589983,-700706.2075862586
226,2023-11-01,15725099.146,15025533.238778079,-431330.39963035006,1130896.3068522718
227,2023-12-01,15616451.472,15108410.591070147,-993932.2632228624,1501973.144152714
228,2024-01-01,11914964.716,15166543.319432644,-3166690.0223276317,-84888.58110501245
229,2024-02-01,14318569.963,15199601.62848876,-1765363.5370226358,884331.8715338744
230,2024-03-01,16110370.044,15204590.942203961,1230625.1388979636,-324846.0371019244
231,2024-04-01,14699585.316,15183405.974146344,-269848.20628682437,-213972.4518595189
232,2024-05-01,15889252.662,15142261.705930676,1078875.027179376,-331884.0711100511
233,2024-06-01,16257805.82,15089098.702249054,973659.1639221028,195047.9538288433
234,2024-07-01,16425794.882,15035842.952386677,1473851.91898435,-83899.9893710278
235,2024-08-01,15899258.105,14993080.458819428,849578.7622778506,56598.88390272111
236,2024-09-01,15960115.653,14966506.27647157,966979.3759838125,26630.000544618815
237,2024-10-01,15524346.967,14962404.888627745,554973.0517486602,6969.026623595506
238,2024-11-01,14204189.029,14977601.073380163,-106107.90021297647,-667304.1441671867
239,2024-12-01,12787985.864,15004042.414531358,-1169473.775470078,-1046582.7750612795
240,2025-01-01,11621655.774,15039521.717148218,-3307117.352481505,-110748.5906667132
241,2025-02-01,13119060.635,15083371.50078316,-2169062.504429794,204751.63864663243
242,2025-03-01,16096566.348,15138892.442652276,900367.023446451,57306.88190127164
243,2025-04-01,14850899.216,15208720.279348793,-653612.1310070504,295791.0676582586
244,2025-05-01,16656799.972,15300160.365546854,1074498.6877653052,282140.91868783906
245,2025-06-01,16039280.437,15390981.221197154,959627.3148460597,-311328.09904321283
246,2025-07-01,17405401.419,15481461.059082448,1791060.172662004,132880.18725554645
247,2025-08-01,16481205.647,15571692.342658522,965035.5976447962,-55522.29330331832
248,2025-09-01,16547053.868,15661632.796562543,1249767.505828279,-364346.4343908224
249,2025-10-01,16813246.96,15751302.258376446,963821.1788602067,98123.52276334912
250,2025-11-01,16126648.129,15840844.596226254,201356.09957626797,84447.43319747783
251,2025-12-01,14739015.963,15930347.635692203,-1387260.1502559674,195928.47756376304
252,2026-01-01,12728098.314,16019817.636250377,-3430945.354009167,139226.03175878897
253,2026-02-01,13172559.456,16109158.612596877,-2568988.438424372,-367610.7181725055
254,2026-03-01,16885580.528,16198254.413535643,596717.2717740607,90608.84269029647
